00100001010001111001000100101011100000001011100100101011110001011111001010100000
00100001010001111001000100101011100000001011100100101011110001011111001010100000
00100001010001111001000100101011100000001011100100101011110001011111001010100000
00100001010001111001000100101011100000001011100100101011110001011111001010100000
00100001010001111001000100101011100000001011100100101011110001011111001010100000
00100001010001111001000100101011100000001011100100101011110001011111001010100000
00100001010001111001000100101011100000001011100100101011110001011111001010100000
00100001010001111001000100101011100000001011100100101011110001011111001010100000
00100001010001111001000100101011100000001011100100101011110001011111001010100000
00100001010001111001000100101011100000001011100100101011110001011111001010100000
00100001010001111001000100101011100000001011100100101011110001011111001010100000
00100001010001111001000100101011100000001011100100101011110001011111001010100000
00100001010001111001000100101011100000001011100100101011110001011111001010100000
00100001010001111001000100101011100000001011100100101011110001011111001010100000
00100001010001111001000100101011100000001011100100101011110001011111001010100000
00100001010001111001000100101011100000001011100100101011110001011111001010100000
00100110010010001001001000000100100000001011100100101101110111011111001010100100
